Duncan1 <-
structure(list(type = structure(c(2L, 3L, 2L, 2L, 2L, 3L, 2L, 
2L, 3L, 3L, 3L, 3L, 1L, 1L, 1L, 1L, 1L, 1L, 1L, 1L, 1L, 1L, 1L, 
1L, 1L, 1L, 1L, 1L, 1L, 1L, 1L, 1L, 1L), levels = c("bc", "prof", 
"wc"), class = "factor"), income = c(55L, 67L, 42L, 41L, 48L, 
76L, 53L, 42L, 29L, 48L, 55L, 29L, 21L, 47L, 81L, 36L, 22L, 44L, 
15L, 7L, 42L, 9L, 21L, 21L, 16L, 16L, 9L, 14L, 12L, 17L, 7L, 
34L, 8L), education = c(90L, 87L, 74L, 84L, 91L, 34L, 45L, 44L, 
72L, 55L, 71L, 50L, 23L, 39L, 28L, 32L, 22L, 25L, 29L, 7L, 26L, 
19L, 15L, 20L, 26L, 28L, 17L, 22L, 30L, 25L, 20L, 47L, 32L), 
    prestige = c(76L, 52L, 57L, 59L, 73L, 38L, 76L, 45L, 39L, 
    34L, 41L, 16L, 33L, 53L, 67L, 57L, 26L, 29L, 10L, 15L, 19L, 
    10L, 13L, 24L, 20L, 7L, 3L, 16L, 6L, 11L, 8L, 41L, 10L)), row.names = c("author", 
"reporter", "undertaker", "welfare.worker", "teacher", "conductor", 
"contractor", "store.manager", "bookkeeper", "mail.carrier", 
"insurance.agent", "store.clerk", "carpenter", "electrician", 
"RR.engineer", "machinist", "auto.repairman", "plumber", "gas.stn.attendant", 
"coal.miner", "streetcar.motorman", "taxi.driver", "truck.driver", 
"machine.operator", "barber", "bartender", "shoe.shiner", "cook", 
"soda.clerk", "watchman", "janitor", "policeman", "waiter"), class = "data.frame")
Duncan2 <-
structure(list(type = structure(c(2L, 2L, 2L, 2L, 2L, 2L, 2L, 
2L, 2L, 2L, 2L, 2L), levels = c("bc", "prof", "wc"), class = "factor"), 
    income = c(62L, 72L, 75L, 64L, 21L, 64L, 80L, 72L, 76L, 76L, 
    60L, 78L), education = c(86L, 76L, 92L, 86L, 84L, 93L, 100L, 
    86L, 98L, 97L, 56L, 82L), prestige = c(82L, 83L, 90L, 90L, 
    87L, 93L, 90L, 88L, 89L, 97L, 81L, 92L)), row.names = c("accountant", 
"pilot", "architect", "chemist", "minister", "professor", "dentist", 
"engineer", "lawyer", "physician", "factory.owner", "banker"), class = "data.frame")
feedCount <-
structure(c(casein = 12L, horsebean = 10L, linseed = 12L, meatmeal = 11L, 
soybean = 14L, sunflower = 12L), dim = 6L, dimnames = structure(list(
    c("casein", "horsebean", "linseed", "meatmeal", "soybean", 
    "sunflower")), names = ""), class = "table")
feedPerc <-
structure(c(casein = 16.901408450704224, horsebean = 14.084507042253522, 
linseed = 16.901408450704224, meatmeal = 15.492957746478872, 
soybean = 19.718309859154928, sunflower = 16.901408450704224), class = "table", dim = 6L, dimnames = structure(list(
    c("casein", "horsebean", "linseed", "meatmeal", "soybean", 
    "sunflower")), names = ""))
feedProp <-
structure(c(casein = 0.16901408450704225, horsebean = 0.14084507042253522, 
linseed = 0.16901408450704225, meatmeal = 0.15492957746478872, 
soybean = 0.19718309859154928, sunflower = 0.16901408450704225
), class = "table", dim = 6L, dimnames = structure(list(c("casein", 
"horsebean", "linseed", "meatmeal", "soybean", "sunflower")), names = ""))
feedtable <-
structure(c(12, 10, 12, 11, 14, 12, 16.901408450704224, 14.084507042253522, 
16.901408450704224, 15.492957746478872, 19.718309859154928, 16.901408450704224
), dim = c(6L, 2L), dimnames = list(c("casein", "horsebean", 
"linseed", "meatmeal", "soybean", "sunflower"), c("Count", "Percent"
)))
mag5 <-
structure(list(lat = c(-26, -20.699999999999999, -13.640000000000001, 
-19.66, -16.460000000000001, -18.969999999999999, -13.82, -21.960000000000001, 
-15.460000000000001, -23.739999999999998, -28.98, -34.020000000000003, 
-15.48, -20.640000000000001, -18.16, -13.66, -22.550000000000001, 
-36.950000000000003, -13.66, -17.93, -26.530000000000001, -16.140000000000001, 
-13.23, -23.579999999999998, -23.34, -15.56, -34.200000000000003, 
-26, -19.890000000000001, -32.219999999999999, -22.640000000000001, 
-20.02, -17.719999999999999, -21.960000000000001, -20.469999999999999, 
-23.73, -22.34, -21.68, -14.699999999999999, -16.649999999999999, 
-23.359999999999999, -17.800000000000001, -19.02, -22.129999999999999, 
-23.329999999999998, -19.129999999999999, -20.600000000000001, 
-18.48, -15.24, -16.399999999999999, -24.57, -12.93, -18.600000000000001, 
-18.77, -21.789999999999999, -11.41, -19.100000000000001, -12.25, 
-23.489999999999998, -27.190000000000001, -21.539999999999999, 
-30.170000000000002, -17.789999999999999, -22.190000000000001, 
-17.100000000000001, -21.98, -20.43, -23.73, -19.890000000000001, 
-17.59, -19.77, -15.33, -15.359999999999999, -15.359999999999999, 
-16.239999999999998, -25.5, -14.32, -20.039999999999999, -28.829999999999998, 
-17.719999999999999, -15.869999999999999, -17.84, -13.449999999999999, 
-26.18, -14.279999999999999, -22.100000000000001, -22.550000000000001, 
-20.850000000000001, -21.109999999999999, -23.530000000000001, 
-18, -18.079999999999998, -29.899999999999999, -10.789999999999999, 
-37.93, -23.579999999999998, -22.539999999999999, -20.899999999999999, 
-32.450000000000003, -13.26, -15.77, -15.949999999999999, -15.9, 
-11.539999999999999, -15.609999999999999, -22.91, -21.920000000000002, 
-17.710000000000001, -34.68, -14.460000000000001, -20.41, -18.510000000000002, 
-27.280000000000001, -11.25, -23.309999999999999, -27.98, -19.890000000000001, 
-15.65, -20.059999999999999, -24.18, -23.780000000000001, -22.870000000000001, 
-18.82, -12.050000000000001, -28.149999999999999, -37.030000000000001, 
-18.120000000000001, -11.4, -17.59, -18.140000000000001, -23.460000000000001, 
-18.210000000000001, -15.34, -18.920000000000002, -20.93, -18.800000000000001, 
-18.07, -18.039999999999999, -17.640000000000001, -17.98, -17.739999999999998, 
-15.93, -21.440000000000001, -26.5, -19.02, -19.300000000000001, 
-31.030000000000001, -21.289999999999999, -21.079999999999998, 
-17.100000000000001, -21.129999999999999, -12.34, -21.57, -13.699999999999999, 
-20.239999999999998, -24.039999999999999, -15, -14.119999999999999, 
-23.609999999999999, -21.190000000000001, -23.800000000000001, 
-19.34, -20.890000000000001, -18.969999999999999, -25.420000000000002, 
-21.600000000000001, -22.23, -21.550000000000001, -15.18, -21.140000000000001, 
-12.23, -12, -26.719999999999999, -21.350000000000001, -22.82, 
-38.280000000000001, -13.800000000000001, -19.300000000000001, 
-21.530000000000001, -28.050000000000001, -21.52, -17.850000000000001, 
-15.99, -20.559999999999999, -27.640000000000001, -29.329999999999998, 
-20.25, -19.329999999999998, -22.41, -23.600000000000001, -27.890000000000001, 
-35.939999999999998, -22.039999999999999, -23.949999999999999, 
-23.75, -20.82, -22.329999999999998, -21.59),